place(18.021, 0.985, 28.976, "Scout", 750)
upgrade(18.021, 2.335, 28.976, 500)
place(15.010, 0.981, 28.959, "Scout", 350)
upgrade(15.010, 2.331, 28.959, 501)
place(11.942, 0.977, 28.898, "Scout", 462)
upgrade(11.942, 2.327, 28.898, 224)
place(8.907, 0.972, 28.840, "Scout", 596)
upgrade(8.907, 2.322, 28.840, 396)
place(17.967, 0.987, 32.085, "Scout", 417)
upgrade(17.967, 2.337, 32.085, 191)
place(14.928, 0.983, 31.977, "Scout", 720)
upgrade(14.928, 2.333, 31.977, 517)
place(11.889, 0.979, 31.956, "Scout", 367)
upgrade(11.889, 2.329, 31.956, 157)
place(8.850, 0.975, 31.882, "Scout", 777)
upgrade(8.850, 2.325, 31.882, 709)
place(16.597, 0.981, 26.325, "Scout", 559)
upgrade(16.597, 2.331, 26.325, 309)
upgrade(11.942, 2.327, 28.898, 1150)
upgrade(15.010, 2.331, 28.959, 758)
upgrade(8.907, 2.322, 28.840, 1333)
upgrade(18.021, 2.335, 28.976, 833)
upgrade(8.850, 2.325, 31.882, 799)
upgrade(11.889, 2.329, 31.956, 1069)
upgrade(14.928, 2.333, 31.977, 989)
upgrade(17.967, 2.337, 32.085, 767)
upgrade(16.597, 2.331, 26.325, 1412)
place(13.572, 0.977, 26.273, "Scout", 1112)
upgrade(13.572, 2.327, 26.273, 862)
upgrade(13.572, 2.327, 26.273, 712)
upgrade(13.572, 2.327, 26.273, 2273)
upgrade(16.597, 2.331, 26.325, 3432)
upgrade(8.907, 2.322, 28.840, 3650)
upgrade(11.942, 2.327, 28.898, 2467)
upgrade(15.010, 2.331, 28.959, 4308)
upgrade(18.021, 2.335, 28.976, 2675)
place(10.478, 0.973, 26.261, "Scout", 4584)
upgrade(10.478, 2.323, 26.261, 4434)
upgrade(10.478, 2.323, 26.261, 4284)
upgrade(10.478, 2.323, 26.261, 3684)
place(7.363, 0.968, 26.265, "Scout", 2234)
upgrade(7.363, 2.318, 26.265, 1984)
upgrade(7.363, 2.318, 26.265, 1834)
upgrade(7.363, 2.318, 26.265, 2834)
place(5.857, 0.968, 28.861, "Scout", 2879)
upgrade(5.857, 2.318, 28.861, 2629)
upgrade(5.857, 2.318, 28.861, 2479)
upgrade(5.857, 2.318, 28.861, 2779)
place(5.813, 0.971, 31.870, "Scout", 2362)
upgrade(5.813, 2.321, 31.870, 2112)
upgrade(5.813, 2.321, 31.870, 1962)
upgrade(5.813, 2.321, 31.870, 3547)
upgrade(8.850, 2.325, 31.882, 2497)
upgrade(10.478, 2.323, 26.261, 4977)
upgrade(13.572, 2.327, 26.273, 5452)
upgrade(7.363, 2.318, 26.265, 3592)
upgrade(16.597, 2.331, 26.325, 3465)
upgrade(8.907, 2.322, 28.840, 6359)
upgrade(11.942, 2.327, 28.898, 3659)
upgrade(5.857, 2.318, 28.861, 6273)
upgrade(15.010, 2.331, 28.959, 3473)
upgrade(18.021, 2.335, 28.976, 4063)
upgrade(5.813, 2.321, 31.870, 4220)
upgrade(8.850, 2.325, 31.882, 5820)
upgrade(11.889, 2.329, 31.956, 3020)
upgrade(11.889, 2.329, 31.956, 7700)
upgrade(14.928, 2.333, 31.977, 4407)
upgrade(17.967, 2.337, 32.085, 2757)
place(4.348, 0.964, 26.201, "Scout", 2498)
upgrade(4.348, 2.314, 26.201, 2257)
upgrade(4.348, 2.314, 26.201, 2208)
upgrade(4.348, 2.314, 26.201, 2507)
upgrade(4.348, 2.314, 26.201, 12919)
upgrade(17.967, 2.337, 32.085, 10519)
place(10.827, 0.971, 23.144, "Scout", 9119)
upgrade(10.827, 2.321, 23.144, 8869)
upgrade(10.827, 2.321, 23.144, 8719)
upgrade(10.827, 2.321, 23.144, 8119)
upgrade(10.827, 2.321, 23.144, 6869)
place(7.764, 0.966, 23.275, "Scout", 3469)
upgrade(7.764, 2.316, 23.275, 4219)
upgrade(7.764, 2.316, 23.275, 4069)
upgrade(7.764, 2.316, 23.275, 3869)
upgrade(7.764, 2.316, 23.275, 8641)
